--------------------------------------------------
count    889973.000000
mean         82.482053
std           4.244232
min          72.707088
25%          80.030080
50%          81.495626
75%          85.358210
max          93.168420
Name: State, dtype: float64
--------------------------------------------------
--------------------------------------------------
dict_values([13951, 9853, 40985, 12001, 23902, 14062, 29453, 8904, 69442, 12914, 9261, 6273, 24219, 20503, 24919, 129618, 5506, 9511, 11924, 32354, 7650, 7602, 57181, 13149, 34463, 10941, 5887, 11379, 20384, 2382, 23015, 20463, 8651, 2818, 18651, 11963, 3254, 9386, 17434, 7937, 20876, 5947, 22127, 5203, 5399, 8282, 6302, 4375, 3549, 2162, 1606])
--------------------------------------------------
--------------------------------------------------
dict_keys([82.44570281700237, 84.5224804628032, 72.7070879590094, 85.95950337471876, 79.86360973977074, 80.92732186033281, 77.3537500424405, 88.60062893081762, 81.18717778865816, 81.35356976924268, 79.04114026563006, 83.27753865773951, 88.33973326726951, 84.78759205969858, 87.02596412376099, 81.49562560755452, 79.98547039593171, 82.07338870781201, 88.5189533713519, 83.59399146937008, 80.66666666666666, 84.30676137858458, 80.0300799216523, 80.27226405049814, 85.35821025447582, 84.75459281601316, 90.23271615423816, 87.02873714737675, 77.48724489795919, 88.24517212426532, 86.0265044536172, 82.1922494257929, 93.16841983585714, 93.11568488289566, 82.36555680660554, 89.29198361614979, 84.01966810079901, 86.02173449818879, 79.31627853619364, 76.83003653773466, 87.90956121862425, 89.2719017992265, 76.13775025986351, 92.33134729963483, 92.66530839044268, 83.49432504226031, 88.76547127895907, 92.22857142857143, 84.78444632290785, 82.19241443108233, 76.02739726027397])
--------------------------------------------------
--------------------------------------------------
dict_values([126025, 66956, 54787, 200389, 67296, 71868, 65913, 48330, 6317, 13476, 67279, 11254, 14446, 9400, 1830, 32190, 22147, 8934, 223, 658, 255])
--------------------------------------------------
--------------------------------------------------
dict_keys([7, 18, 16, 0, 5, 19, 4, 6, 15, 11, 12, 9, 17, 10, 2, 14, 8, 1, 20, 3, 13])
--------------------------------------------------
--------------------------------------------------
count    889973.000000
mean         82.482053
std           6.266493
min          71.297121
25%          77.323547
50%          80.529692
75%          89.658131
max          91.651737
Name: NAICS, dtype: float64
--------------------------------------------------
--------------------------------------------------
dict_values([126025, 66956, 54787, 200389, 67296, 71868, 65913, 48330, 6317, 13476, 67279, 11254, 14446, 9400, 1830, 32190, 22147, 8934, 223, 658, 255])
--------------------------------------------------
--------------------------------------------------
dict_keys([77.32354691529459, 78.03034828842821, 89.65813057842189, 91.65173737081376, 84.68854018069425, 80.39182946513051, 76.7906179357638, 80.52969170287606, 75.93794522716479, 71.29712080736124, 80.98366503663847, 75.24435756175582, 79.39221929946005, 71.75531914893617, 91.63934426229508, 76.5268716992855, 73.5810719284779, 91.00067159167227, 84.75336322869956, 85.71428571428571, 89.80392156862746])
--------------------------------------------------
